dateannounced,numcases_h,total_cases_h,numcases_r,total_cases_r,numcases_d,total_cases_d,Total Tested,daily_test
2020-03-02,,,1.0,1.0,,,,
2020-03-05,1.0,1.0,,,,,,
2020-03-06,,,1.0,2.0,,,,
2020-03-09,1.0,2.0,,,,,,
2020-03-11,1.0,3.0,,,,,,
2020-03-12,,,,,1.0,1.0,,
2020-03-13,1.0,4.0,,,,,,
2020-03-17,2.0,6.0,,,,,,
2020-03-18,1.0,7.0,,,,,,
2020-03-19,3.0,10.0,,,,,,
2020-03-20,6.0,16.0,,,,,,
2020-03-21,7.0,23.0,,,,,,
2020-03-22,1.0,24.0,,,,,,
2020-03-23,2.0,26.0,,,,,,
2020-03-25,5.0,31.0,,,,,,
2020-03-26,4.0,35.0,,,,,,
2020-03-27,1.0,36.0,,,,,,
2020-03-28,9.0,45.0,,,,,,
2020-03-29,23.0,68.0,6.0,8.0,2.0,3.0,,
2020-03-30,25.0,93.0,,,,,,
2020-03-31,23.0,116.0,,,,,,
2020-04-01,32.0,148.0,,,,,2621.0,2621.0
2020-04-02,141.0,289.0,2.0,10.0,2.0,5.0,,
2020-04-03,93.0,382.0,,,2.0,7.0,,
2020-04-04,59.0,441.0,8.0,18.0,,,,
2020-04-05,58.0,499.0,,,1.0,8.0,,
2020-04-06,22.0,521.0,,,,,,
2020-04-07,51.0,572.0,4.0,22.0,2.0,10.0,9041.0,6420.0
2020-04-08,93.0,665.0,1.0,23.0,,,,
2020-04-09,51.0,716.0,4.0,27.0,3.0,13.0,9968.0,927.0
2020-04-10,183.0,899.0,2.0,29.0,2.0,15.0,11061.0,1093.0
2020-04-11,166.0,1065.0,,,5.0,20.0,11709.0,648.0
2020-04-12,85.0,1150.0,1.0,30.0,5.0,25.0,14036.0,2327.0
2020-04-13,356.0,1506.0,3.0,33.0,4.0,29.0,15032.0,996.0
2020-04-14,51.0,1557.0,,,2.0,31.0,16282.0,1250.0
2020-04-15,17.0,1574.0,10.0,43.0,2.0,33.0,16605.0,323.0
2020-04-16,62.0,1636.0,11.0,54.0,6.0,39.0,18784.0,2179.0
2020-04-17,67.0,1703.0,20.0,74.0,4.0,43.0,21409.0,2625.0
2020-04-18,186.0,1889.0,135.0,209.0,1.0,44.0,22283.0,874.0
2020-04-19,110.0,1999.0,83.0,292.0,2.0,46.0,24387.0,2104.0
2020-04-20,78.0,2077.0,141.0,433.0,2.0,48.0,25900.0,1513.0
2020-04-21,75.0,2152.0,180.0,613.0,,,26627.0,727.0
2020-04-22,92.0,2244.0,113.0,726.0,1.0,49.0,28309.0,1682.0
2020-04-23,128.0,2372.0,84.0,810.0,2.0,51.0,30560.0,2251.0
2020-04-24,138.0,2510.0,49.0,859.0,3.0,54.0,33672.0,3112.0
2020-04-25,111.0,2621.0,12.0,871.0,1.0,55.0,35519.0,1847.0
2020-04-26,293.0,2914.0,8.0,879.0,,,37613.0,2094.0
2020-04-27,190.0,3104.0,,,,,39911.0,2298.0
2020-04-28,206.0,3310.0,201.0,1080.0,,,43370.0,3459.0
2020-04-29,125.0,3435.0,14.0,1094.0,2.0,57.0,47225.0,3855.0
2020-04-30,76.0,3511.0,2.0,1096.0,3.0,60.0,0.0,-47225.0
2020-05-01,223.0,3734.0,73.0,1169.0,2.0,62.0,0.0,0.0
2020-05-02,384.0,4118.0,89.0,1258.0,3.0,65.0,58210.0,58210.0
2020-05-03,427.0,4545.0,106.0,1364.0,,,60246.0,2036.0
2020-05-04,349.0,4894.0,69.0,1433.0,,,64108.0,3862.0
2020-05-05,206.0,5100.0,37.0,1470.0,,,67852.0,3744.0
2020-05-06,428.0,5528.0,74.0,1544.0,1.0,66.0,71934.0,4082.0
2020-05-07,448.0,5976.0,389.0,1933.0,1.0,67.0,77234.0,5300.0
2020-05-08,338.0,6314.0,89.0,2022.0,2.0,69.0,81367.0,4133.0
2020-05-09,224.0,6538.0,,,,,84226.0,2859.0
2020-05-10,381.0,6919.0,49.0,2071.0,5.0,74.0,93810.0,9584.0
2020-05-11,310.0,7229.0,60.0,2131.0,,,97678.0,3868.0
2020-05-12,406.0,7635.0,383.0,2514.0,13.0,87.0,106109.0,8431.0
2020-05-13,359.0,7994.0,346.0,2860.0,20.0,107.0,113345.0,7236.0
2020-05-14,472.0,8466.0,187.0,3047.0,9.0,116.0,119736.0,6391.0
2020-05-15,425.0,8891.0,473.0,3520.0,8.0,124.0,125189.0,5453.0
2020-05-16,438.0,9329.0,408.0,3928.0,6.0,130.0,130845.0,5656.0
2020-05-17,422.0,9751.0,276.0,4204.0,19.0,149.0,135791.0,4946.0
2020-05-18,299.0,10050.0,283.0,4487.0,12.0,161.0,139727.0,3936.0
2020-05-19,500.0,10550.0,265.0,4752.0,6.0,167.0,145854.0,6127.0
2020-05-20,534.0,11084.0,442.0,5194.0,10.0,177.0,150282.0,4428.0
2020-05-21,571.0,11655.0,375.0,5569.0,18.0,195.0,154385.0,4103.0
2020-05-22,660.0,12315.0,330.0,5899.0,14.0,209.0,160255.0,5870.0
2020-05-23,591.0,12906.0,370.0,6269.0,23.0,232.0,165047.0,4792.0
2020-05-24,508.0,13414.0,273.0,6542.0,30.0,262.0,169873.0,4826.0
2020-05-25,635.0,14049.0,231.0,6773.0,15.0,277.0,174469.0,4596.0
2020-05-26,412.0,14461.0,183.0,6956.0,12.0,289.0,178579.0,4110.0
2020-05-27,792.0,15253.0,310.0,7266.0,15.0,304.0,184362.0,5783.0
2020-05-28,1024.0,16277.0,231.0,7497.0,13.0,317.0,191977.0,7615.0
2020-05-29,1105.0,17382.0,351.0,7848.0,82.0,399.0,199626.0,7649.0
2020-05-30,1163.0,18545.0,229.0,8077.0,18.0,417.0,206739.0,7113.0
2020-05-31,1295.0,19840.0,403.0,8480.0,57.0,474.0,212784.0,6045.0
2020-06-01,990.0,20830.0,268.0,8748.0,50.0,524.0,217537.0,4753.0
2020-06-02,1298.0,22128.0,497.0,9245.0,33.0,557.0,223607.0,6070.0
2020-06-03,1513.0,23641.0,299.0,9544.0,59.0,616.0,230145.0,6538.0
2020-06-04,1359.0,25000.0,356.0,9900.0,44.0,660.0,236506.0,6361.0
2020-06-05,1330.0,26330.0,417.0,10317.0,49.0,709.0,241693.0,5187.0
2020-06-06,1320.0,27650.0,349.0,10666.0,53.0,762.0,246873.0,5180.0
2020-06-07,1282.0,28932.0,335.0,11001.0,51.0,813.0,251915.0,5042.0
2020-06-08,1007.0,29939.0,358.0,11359.0,62.0,875.0,255615.0,3700.0
2020-06-09,1366.0,31305.0,504.0,11863.0,31.0,906.0,261079.0,5464.0
2020-06-10,1501.0,32806.0,384.0,12247.0,79.0,985.0,266156.0,5077.0
2020-06-11,1877.0,34683.0,486.0,12733.0,101.0,1086.0,271516.0,5360.0
2020-06-12,2137.0,36820.0,667.0,13400.0,129.0,1215.0,277463.0,5947.0
2020-06-13,2134.0,38954.0,1547.0,14947.0,57.0,1272.0,283239.0,5776.0
2020-06-14,2224.0,41178.0,878.0,15825.0,56.0,1328.0,290592.0,7353.0
2020-06-15,1647.0,42825.0,604.0,16429.0,73.0,1401.0,296697.0,6105.0
2020-06-16,1859.0,44684.0,73.0,16502.0,437.0,1838.0,304483.0,7786.0
2020-06-17,2414.0,47098.0,957.0,17459.0,67.0,1905.0,312576.0,8093.0
2020-06-18,2877.0,49975.0,3884.0,21343.0,65.0,1970.0,321302.0,8726.0
2020-06-19,3137.0,53112.0,2228.0,23571.0,66.0,2036.0,334376.0,13074.0
2020-06-20,3630.0,56742.0,7725.0,31296.0,77.0,2113.0,351909.0,17533.0
2020-06-21,3000.0,59742.0,1719.0,33015.0,63.0,2176.0,370014.0,18105.0
2020-06-22,2909.0,62651.0,3589.0,36604.0,58.0,2234.0,384696.0,14682.0
2020-06-23,3947.0,66598.0,2711.0,39315.0,68.0,2302.0,401648.0,16952.0
2020-06-24,3788.0,70386.0,2124.0,41439.0,64.0,2366.0,420707.0,19059.0
2020-06-25,3390.0,73776.0,3328.0,44767.0,64.0,2430.0,438012.0,17305.0
2020-06-26,3460.0,77236.0,2326.0,47093.0,63.0,2493.0,459156.0,21144.0
2020-06-27,2948.0,80184.0,2210.0,49303.0,66.0,2559.0,478336.0,19180.0
2020-06-28,2889.0,83073.0,3306.0,52609.0,65.0,2624.0,498416.0,20080.0
2020-06-29,2084.0,85157.0,3628.0,56237.0,57.0,2681.0,514573.0,16157.0
2020-06-30,2199.0,87356.0,2113.0,58350.0,62.0,2743.0,531752.0,17179.0
2020-07-01,2442.0,89798.0,1644.0,59994.0,61.0,2804.0,551708.0,19956.0
2020-07-02,2373.0,92171.0,3015.0,63009.0,61.0,2865.0,572530.0,20822.0
2020-07-03,2520.0,94691.0,2617.0,65626.0,59.0,2924.0,596695.0,24165.0
2020-07-04,2505.0,97196.0,2632.0,68258.0,81.0,3005.0,620368.0,23673.0
2020-07-05,2244.0,99440.0,3083.0,71341.0,63.0,3068.0,643504.0,23136.0
2020-07-06,1379.0,100819.0,749.0,72090.0,48.0,3116.0,657383.0,13879.0
2020-07-07,2008.0,102827.0,2129.0,74219.0,50.0,3166.0,679831.0,22448.0
2020-07-08,2033.0,104860.0,3982.0,78201.0,48.0,3214.0,701859.0,22028.0
2020-07-09,2187.0,107047.0,4027.0,82228.0,45.0,3259.0,724148.0,22289.0
2020-07-10,2089.0,109136.0,2468.0,84696.0,42.0,3301.0,747109.0,22961.0
