dateannounced,numcases_h,total_cases_h,numcases_r,total_cases_r,numcases_d,total_cases_d,Total Tested,daily_test
2020-01-30,,,1.0,1.0,,,,
2020-02-02,,,1.0,2.0,,,,
2020-02-03,,,1.0,3.0,,,,
2020-03-08,,,5.0,8.0,,,,
2020-03-09,,,1.0,9.0,,,,
2020-03-10,1.0,1.0,7.0,16.0,,,,
2020-03-12,,,2.0,18.0,,,,
2020-03-13,,,3.0,21.0,,,,
2020-03-15,,,2.0,23.0,,,,
2020-03-16,2.0,3.0,1.0,24.0,,,,
2020-03-19,1.0,4.0,,,,,,
2020-03-20,8.0,12.0,4.0,28.0,,,,
2020-03-21,8.0,20.0,4.0,32.0,,,,
2020-03-22,13.0,33.0,1.0,33.0,1.0,1.0,,
2020-03-23,25.0,58.0,3.0,36.0,,,,
2020-03-24,13.0,71.0,1.0,37.0,,,,
2020-03-25,8.0,79.0,1.0,38.0,,,,
2020-03-26,11.0,90.0,8.0,46.0,,,,
2020-03-27,37.0,127.0,2.0,48.0,,,,
2020-03-28,6.0,133.0,,,,,,
2020-03-29,13.0,146.0,26.0,74.0,2.0,3.0,,
2020-03-30,28.0,174.0,4.0,78.0,,,,
2020-03-31,7.0,181.0,4.0,82.0,1.0,4.0,,
2020-04-01,24.0,205.0,2.0,84.0,,,7965.0,7965.0
2020-04-02,21.0,226.0,2.0,86.0,,,8456.0,491.0
2020-04-03,9.0,235.0,14.0,100.0,,,9139.0,683.0
2020-04-04,11.0,246.0,8.0,108.0,,,9744.0,605.0
2020-04-05,8.0,254.0,6.0,114.0,,,10221.0,477.0
2020-04-06,13.0,267.0,3.0,117.0,,,10716.0,495.0
2020-04-07,8.0,275.0,12.0,129.0,1.0,5.0,11232.0,516.0
2020-04-08,9.0,284.0,13.0,142.0,,,11986.0,754.0
2020-04-09,12.0,296.0,13.0,155.0,,,12710.0,724.0
2020-04-10,7.0,303.0,27.0,182.0,,,13339.0,629.0
2020-04-11,10.0,313.0,19.0,201.0,1.0,6.0,14163.0,824.0
2020-04-12,2.0,315.0,36.0,237.0,,,14989.0,826.0
2020-04-13,3.0,318.0,19.0,256.0,,,15683.0,694.0
2020-04-14,8.0,326.0,13.0,269.0,,,16235.0,552.0
2020-04-15,1.0,327.0,7.0,276.0,,,16475.0,240.0
2020-04-16,7.0,334.0,27.0,303.0,,,17400.0,925.0
2020-04-17,1.0,335.0,10.0,313.0,,,18029.0,629.0
2020-04-18,4.0,339.0,2.0,315.0,,,18774.0,745.0
2020-04-19,2.0,341.0,13.0,328.0,,,19351.0,577.0
2020-04-20,6.0,347.0,21.0,349.0,,,19756.0,405.0
2020-04-21,19.0,366.0,16.0,365.0,,,20252.0,496.0
2020-04-22,11.0,377.0,1.0,366.0,,,20821.0,569.0
2020-04-23,10.0,387.0,8.0,374.0,,,21334.0,513.0
2020-04-24,3.0,390.0,15.0,389.0,1.0,7.0,21940.0,606.0
2020-04-25,7.0,397.0,7.0,396.0,,,22360.0,420.0
2020-04-26,11.0,408.0,4.0,400.0,,,22954.0,594.0
2020-04-27,13.0,421.0,13.0,413.0,,,24146.0,1192.0
2020-04-28,4.0,425.0,4.0,417.0,,,24855.0,709.0
2020-04-29,10.0,435.0,10.0,427.0,,,25827.0,972.0
2020-04-30,2.0,437.0,14.0,441.0,,,27481.0,1654.0
2020-05-01,,,9.0,450.0,,,29012.0,1531.0
2020-05-02,2.0,439.0,8.0,458.0,,,33276.0,4264.0
2020-05-03,0.0,439.0,1.0,459.0,,,34608.0,1332.0
2020-05-04,,,61.0,520.0,,,35441.0,833.0
2020-05-05,3.0,442.0,,,,,36312.0,871.0
2020-05-06,,,7.0,527.0,,,37546.0,1234.0
2020-05-07,,,5.0,532.0,,,38206.0,660.0
2020-05-08,1.0,443.0,10.0,542.0,,,39266.0,1060.0
2020-05-09,2.0,445.0,1.0,543.0,,,40123.0,857.0
2020-05-10,7.0,452.0,4.0,547.0,,,41279.0,1156.0
2020-05-11,7.0,459.0,,,,,41700.0,421.0
2020-05-12,5.0,464.0,,,,,42461.0,761.0
2020-05-13,10.0,474.0,1.0,548.0,,,43648.0,1187.0
2020-05-14,26.0,500.0,3.0,551.0,,,45039.0,1391.0
2020-05-15,16.0,516.0,,,,,46831.0,1792.0
2020-05-16,11.0,527.0,4.0,555.0,,,48433.0,1602.0
2020-05-17,14.0,541.0,,,,,50036.0,1603.0
2020-05-18,29.0,570.0,,,,,51059.0,1023.0
2020-05-19,12.0,582.0,,,,,52588.0,1529.0
2020-05-20,24.0,606.0,5.0,560.0,,,54633.0,2045.0
2020-05-21,24.0,630.0,8.0,568.0,,,56373.0,1740.0
2020-05-22,42.0,672.0,2.0,570.0,1.0,8.0,58382.0,2009.0
2020-05-23,62.0,734.0,3.0,573.0,,,60443.0,2061.0
2020-05-24,53.0,787.0,5.0,578.0,1.0,9.0,61900.0,1457.0
2020-05-25,49.0,836.0,12.0,590.0,,,63009.0,1109.0
2020-05-26,67.0,903.0,10.0,600.0,1.0,10.0,65303.0,2294.0
2020-05-27,40.0,943.0,10.0,610.0,,,67961.0,2658.0
2020-05-28,85.0,1028.0,3.0,613.0,1.0,11.0,70622.0,2661.0
2020-05-29,62.0,1090.0,10.0,623.0,1.0,12.0,74214.0,3592.0
2020-05-30,58.0,1148.0,10.0,633.0,1.0,13.0,77257.0,3043.0
2020-05-31,61.0,1209.0,15.0,648.0,,,77508.0,251.0
2020-06-01,57.0,1266.0,18.0,666.0,1.0,14.0,82449.0,4941.0
2020-06-02,86.0,1352.0,19.0,685.0,1.0,15.0,86169.0,3720.0
2020-06-03,82.0,1434.0,24.0,709.0,,,95348.0,9179.0
2020-06-04,94.0,1528.0,39.0,748.0,3.0,18.0,99692.0,4344.0
2020-06-05,111.0,1639.0,22.0,770.0,,,104045.0,4353.0
2020-06-06,108.0,1747.0,50.0,820.0,1.0,19.0,107796.0,3751.0
2020-06-07,107.0,1854.0,41.0,861.0,,,111930.0,4134.0
2020-06-08,91.0,1945.0,11.0,872.0,1.0,20.0,113956.0,2026.0
2020-06-09,91.0,2036.0,34.0,906.0,,,126088.0,12132.0
2020-06-10,65.0,2101.0,57.0,963.0,1.0,21.0,131006.0,4918.0
2020-06-11,83.0,2184.0,62.0,1025.0,1.0,22.0,135974.0,4968.0
2020-06-12,78.0,2262.0,32.0,1057.0,1.0,23.0,140457.0,4483.0
2020-06-13,85.0,2347.0,46.0,1103.0,,,144842.0,4385.0
2020-06-14,54.0,2401.0,56.0,1159.0,,,149164.0,4322.0
2020-06-15,82.0,2483.0,73.0,1232.0,1.0,24.0,151686.0,2522.0
2020-06-16,79.0,2562.0,60.0,1292.0,,,157117.0,5431.0
2020-06-17,75.0,2637.0,90.0,1382.0,,,161829.0,4712.0
2020-06-18,97.0,2734.0,89.0,1471.0,1.0,25.0,169035.0,7206.0
2020-06-19,118.0,2852.0,96.0,1567.0,,,173729.0,4694.0
2020-06-20,127.0,2979.0,57.0,1624.0,,,178559.0,4830.0
2020-06-21,133.0,3112.0,93.0,1717.0,,,183201.0,4642.0
2020-06-22,138.0,3250.0,88.0,1805.0,,,185903.0,2702.0
2020-06-23,141.0,3391.0,60.0,1865.0,1.0,26.0,192059.0,6156.0
2020-06-24,152.0,3543.0,81.0,1946.0,,,197567.0,5508.0
2020-06-25,123.0,3666.0,53.0,1999.0,,,203574.0,6007.0
2020-06-26,150.0,3816.0,65.0,2064.0,,,209456.0,5882.0
2020-06-27,195.0,4011.0,102.0,2166.0,,,215243.0,5787.0
2020-06-28,118.0,4129.0,42.0,2208.0,,,220821.0,5578.0
2020-06-29,122.0,4251.0,79.0,2287.0,1.0,27.0,224737.0,3916.0
2020-06-30,131.0,4382.0,75.0,2362.0,1.0,28.0,231570.0,6833.0
2020-07-01,151.0,4533.0,132.0,2494.0,1.0,29.0,239017.0,7447.0
2020-07-02,160.0,4693.0,202.0,2696.0,,,246799.0,7782.0
2020-07-03,211.0,4904.0,201.0,2897.0,,,253011.0,6212.0
2020-07-04,240.0,5144.0,209.0,3106.0,,,260011.0,7000.0
2020-07-05,225.0,5369.0,126.0,3232.0,,,268218.0,8207.0
2020-07-06,193.0,5562.0,167.0,3399.0,2.0,31.0,275823.0,7605.0
2020-07-07,272.0,5834.0,111.0,3510.0,,,285968.0,10145.0
2020-07-08,301.0,6135.0,107.0,3617.0,,,296183.0,10215.0
2020-07-09,339.0,6474.0,149.0,3766.0,,,307219.0,11036.0
2020-07-10,416.0,6890.0,112.0,3878.0,,,320485.0,13266.0
