dateannounced,numcases_h,total_cases_h,numcases_r,total_cases_r,numcases_d,total_cases_d,Total Tested,daily_test
2020-03-20,4.0,4.0,,,,,,
2020-03-22,2.0,6.0,,,,,,
2020-03-24,1.0,7.0,,,,,,
2020-03-25,7.0,14.0,,,1.0,1.0,,
2020-03-26,5.0,19.0,,,,,,
2020-03-27,8.0,27.0,,,1.0,2.0,,
2020-03-28,10.0,37.0,,,,,,
2020-03-29,,,,,2.0,4.0,,
2020-03-30,8.0,45.0,,,2.0,6.0,,
2020-03-31,19.0,64.0,,,1.0,7.0,,
2020-04-01,32.0,96.0,,,1.0,8.0,,
2020-04-02,9.0,105.0,,,2.0,10.0,,
2020-04-03,47.0,152.0,,,,,,
2020-04-04,25.0,177.0,,,3.0,13.0,,
2020-04-05,14.0,191.0,3.0,3.0,2.0,15.0,2812.0,2812.0
2020-04-06,63.0,254.0,8.0,11.0,2.0,17.0,,
2020-04-07,34.0,288.0,10.0,21.0,6.0,23.0,3770.0,958.0
2020-04-08,51.0,339.0,4.0,25.0,3.0,26.0,4056.0,286.0
2020-04-09,70.0,409.0,,,9.0,35.0,5135.0,1079.0
2020-04-10,40.0,449.0,12.0,37.0,3.0,38.0,7049.0,1914.0
2020-04-11,78.0,527.0,1.0,38.0,4.0,42.0,8516.0,1467.0
2020-04-12,33.0,560.0,3.0,41.0,3.0,45.0,10481.0,1965.0
2020-04-13,52.0,612.0,10.0,51.0,7.0,52.0,10481.0,0.0
2020-04-14,127.0,739.0,13.0,64.0,3.0,55.0,8105.0,-2376.0
2020-04-15,197.0,936.0,,,,,9596.0,1491.0
2020-04-16,226.0,1162.0,6.0,70.0,2.0,57.0,13492.0,3896.0
2020-04-17,146.0,1308.0,,,14.0,71.0,15302.0,1810.0
2020-04-18,96.0,1404.0,57.0,127.0,,,14978.0,-324.0
2020-04-19,5.0,1409.0,4.0,131.0,3.0,74.0,17835.0,2857.0
2020-04-20,78.0,1487.0,7.0,138.0,4.0,78.0,19142.0,1307.0
2020-04-21,67.0,1554.0,10.0,148.0,4.0,82.0,20905.0,1763.0
2020-04-22,37.0,1591.0,4.0,152.0,,,22664.0,1759.0
2020-04-23,104.0,1695.0,51.0,203.0,3.0,85.0,24548.0,1884.0
2020-04-24,161.0,1856.0,7.0,210.0,9.0,94.0,26233.0,1685.0
2020-04-25,103.0,1959.0,71.0,281.0,7.0,101.0,27866.0,1633.0
2020-04-26,153.0,2112.0,21.0,302.0,4.0,105.0,25232.0,-2634.0
2020-04-27,75.0,2187.0,55.0,357.0,7.0,112.0,27009.0,1777.0
2020-04-28,222.0,2409.0,16.0,373.0,10.0,122.0,31060.0,4051.0
2020-04-29,173.0,2582.0,88.0,461.0,10.0,132.0,33837.0,2777.0
2020-04-30,65.0,2647.0,21.0,482.0,7.0,139.0,41712.0,7875.0
2020-05-01,90.0,2737.0,42.0,524.0,8.0,147.0,44116.0,2404.0
2020-05-02,73.0,2810.0,100.0,624.0,6.0,153.0,46578.0,2462.0
2020-05-03,49.0,2859.0,174.0,798.0,5.0,158.0,49186.0,2608.0
2020-05-04,105.0,2964.0,58.0,856.0,9.0,167.0,52095.0,2909.0
2020-05-05,107.0,3071.0,144.0,1000.0,11.0,178.0,54595.0,2500.0
2020-05-06,89.0,3160.0,99.0,1099.0,9.0,187.0,54595.0,0.0
2020-05-07,114.0,3274.0,132.0,1231.0,8.0,195.0,61020.0,6425.0
2020-05-08,89.0,3363.0,118.0,1349.0,7.0,202.0,63705.0,2685.0
2020-05-09,116.0,3479.0,131.0,1480.0,11.0,213.0,68010.0,4305.0
2020-05-10,157.0,3636.0,196.0,1676.0,4.0,217.0,72069.0,4059.0
2020-05-11,171.0,3807.0,71.0,1747.0,6.0,223.0,76039.0,3970.0
2020-05-12,201.0,4008.0,113.0,1860.0,4.0,227.0,80885.0,4846.0
2020-05-13,187.0,4195.0,144.0,2004.0,7.0,234.0,85903.0,5018.0
2020-05-14,253.0,4448.0,167.0,2171.0,5.0,239.0,89760.0,3857.0
2020-05-15,169.0,4617.0,112.0,2283.0,2.0,241.0,93849.0,4089.0
2020-05-16,195.0,4812.0,32.0,2315.0,4.0,245.0,99677.0,5828.0
2020-05-17,187.0,4999.0,88.0,2403.0,5.0,250.0,103898.0,4221.0
2020-05-18,259.0,5258.0,32.0,2435.0,4.0,254.0,112168.0,8270.0
2020-05-19,229.0,5487.0,196.0,2631.0,6.0,260.0,116473.0,4305.0
2020-05-20,270.0,5757.0,103.0,2734.0,9.0,269.0,120737.0,4264.0
2020-05-21,246.0,6003.0,110.0,2844.0,4.0,273.0,125608.0,4871.0
2020-05-22,189.0,6192.0,245.0,3089.0,1.0,274.0,129060.0,3452.0
2020-05-23,201.0,6393.0,178.0,3267.0,9.0,283.0,132769.0,3709.0
2020-05-24,294.0,6687.0,141.0,3408.0,9.0,292.0,135889.0,3120.0
2020-05-25,194.0,6881.0,163.0,3571.0,10.0,302.0,138584.0,2695.0
2020-05-26,165.0,7046.0,118.0,3689.0,5.0,307.0,141508.0,2924.0
2020-05-27,237.0,7283.0,238.0,3927.0,8.0,315.0,146144.0,4636.0
2020-05-28,192.0,7475.0,123.0,4050.0,8.0,323.0,151182.0,5038.0
2020-05-29,192.0,7667.0,219.0,4269.0,13.0,336.0,155436.0,4254.0
2020-05-30,246.0,7913.0,175.0,4444.0,9.0,345.0,161552.0,6116.0
2020-05-31,198.0,8111.0,398.0,4842.0,7.0,352.0,167808.0,6256.0
2020-06-01,194.0,8305.0,161.0,5003.0,8.0,360.0,172019.0,4211.0
2020-06-02,137.0,8442.0,218.0,5221.0,6.0,366.0,177481.0,5462.0
2020-06-03,168.0,8610.0,224.0,5445.0,7.0,373.0,183662.0,6181.0
2020-06-04,174.0,8784.0,192.0,5637.0,6.0,379.0,189252.0,5590.0
2020-06-05,234.0,9018.0,241.0,5878.0,7.0,386.0,195249.0,5997.0
2020-06-06,232.0,9250.0,230.0,6108.0,15.0,401.0,200913.0,5664.0
2020-06-07,173.0,9423.0,223.0,6331.0,13.0,414.0,208514.0,7601.0
2020-06-08,237.0,9660.0,205.0,6536.0,2.0,416.0,215194.0,6680.0
2020-06-09,211.0,9871.0,193.0,6729.0,6.0,422.0,220936.0,5742.0
2020-06-10,200.0,10071.0,163.0,6892.0,7.0,429.0,228042.0,7106.0
2020-06-11,192.0,10263.0,150.0,7042.0,4.0,433.0,233740.0,5698.0
2020-06-12,202.0,10465.0,159.0,7201.0,9.0,442.0,241461.0,7721.0
2020-06-13,198.0,10663.0,176.0,7377.0,7.0,449.0,246973.0,5512.0
2020-06-14,161.0,10824.0,300.0,7677.0,12.0,461.0,252762.0,5789.0
2020-06-15,133.0,10957.0,226.0,7903.0,6.0,467.0,258040.0,5278.0
2020-06-16,148.0,11105.0,249.0,8152.0,11.0,478.0,263983.0,5943.0
2020-06-17,161.0,11266.0,236.0,8388.0,6.0,484.0,271205.0,7222.0
2020-06-18,182.0,11448.0,244.0,8632.0,4.0,488.0,277451.0,6246.0
2020-06-19,156.0,11604.0,116.0,8748.0,9.0,497.0,282674.0,5223.0
2020-06-20,142.0,11746.0,132.0,8880.0,6.0,503.0,290831.0,8157.0
2020-06-21,179.0,11925.0,135.0,9015.0,14.0,517.0,296943.0,6112.0
2020-06-22,175.0,12100.0,200.0,9215.0,6.0,523.0,302673.0,5730.0
2020-06-23,183.0,12283.0,120.0,9335.0,4.0,527.0,307812.0,5139.0
2020-06-24,187.0,12470.0,138.0,9473.0,9.0,536.0,314978.0,7166.0
2020-06-25,147.0,12617.0,146.0,9619.0,8.0,544.0,321595.0,6617.0
2020-06-26,203.0,12820.0,185.0,9804.0,4.0,548.0,329079.0,7484.0
2020-06-27,167.0,12987.0,167.0,9971.0,4.0,552.0,337041.0,7962.0
2020-06-28,221.0,13208.0,113.0,10084.0,7.0,559.0,344836.0,7795.0
2020-06-29,184.0,13392.0,115.0,10199.0,7.0,566.0,353612.0,8776.0
2020-06-30,223.0,13615.0,196.0,10395.0,8.0,574.0,365467.0,11855.0
2020-07-01,268.0,13883.0,260.0,10655.0,9.0,583.0,372811.0,7344.0
2020-07-02,245.0,14128.0,160.0,10815.0,8.0,591.0,380655.0,7844.0
2020-07-03,191.0,14319.0,234.0,11049.0,4.0,595.0,389180.0,8525.0
2020-07-04,307.0,14626.0,185.0,11234.0,5.0,600.0,398329.0,9149.0
2020-07-05,326.0,14952.0,177.0,11411.0,10.0,610.0,407882.0,9553.0
2020-07-06,354.0,15306.0,168.0,11579.0,9.0,619.0,417402.0,9520.0
2020-07-07,343.0,15649.0,189.0,11768.0,5.0,624.0,427143.0,9741.0
2020-07-08,409.0,16058.0,219.0,11987.0,7.0,631.0,437930.0,10787.0
2020-07-09,305.0,16363.0,245.0,12232.0,5.0,636.0,449680.0,11750.0
2020-07-10,316.0,16679.0,249.0,12481.0,4.0,640.0,460941.0,11261.0
