dateannounced,numcases_h,total_cases_h,numcases_r,total_cases_r,numcases_d,total_cases_d,Total Tested,daily_test
2020-03-03,,,1.0,1.0,,,,
2020-03-04,,,1.0,2.0,,,,
2020-03-10,,,1.0,3.0,,,,
2020-03-14,1.0,1.0,,,,,,
2020-03-18,3.0,4.0,,,,,,
2020-03-19,2.0,6.0,,,,,,
2020-03-20,8.0,14.0,,,,,,
2020-03-21,7.0,21.0,,,,,,
2020-03-22,5.0,26.0,,,,,,
2020-03-23,3.0,29.0,,,,,,
2020-03-25,6.0,35.0,,,,,,
2020-03-26,4.0,39.0,,,1.0,1.0,,
2020-03-27,7.0,46.0,,,,,,
2020-03-28,4.0,50.0,,,,,,
2020-03-29,5.0,55.0,3.0,6.0,,,,
2020-03-30,20.0,75.0,,,,,,
2020-03-31,14.0,89.0,,,,,,
2020-04-01,27.0,116.0,,,,,,
2020-04-02,13.0,129.0,,,,,,
2020-04-03,46.0,175.0,,,,,,
2020-04-04,27.0,202.0,22.0,28.0,1.0,2.0,,
2020-04-05,60.0,262.0,,,,,12279.0,12279.0
2020-04-06,35.0,297.0,,,1.0,3.0,,
2020-04-07,42.0,339.0,,,,,17638.0,5359.0
2020-04-08,40.0,379.0,20.0,48.0,1.0,4.0,17638.0,0.0
2020-04-09,80.0,459.0,15.0,63.0,,,19107.0,1469.0
2020-04-10,98.0,557.0,,,,,22349.0,3242.0
2020-04-11,139.0,696.0,56.0,119.0,6.0,10.0,24857.0,2508.0
2020-04-12,104.0,800.0,5.0,124.0,2.0,12.0,28505.0,3648.0
2020-04-13,93.0,893.0,,,,,31804.0,3299.0
2020-04-14,108.0,1001.0,26.0,150.0,,,34928.0,3124.0
2020-04-15,71.0,1072.0,,,,,37860.0,2932.0
2020-04-16,55.0,1127.0,17.0,167.0,,,40778.0,2918.0
2020-04-17,98.0,1225.0,19.0,186.0,6.0,18.0,42847.0,2069.0
2020-04-18,122.0,1347.0,17.0,203.0,4.0,22.0,47197.0,4350.0
2020-04-19,127.0,1474.0,5.0,208.0,2.0,24.0,51614.0,4417.0
2020-04-20,102.0,1576.0,,,2.0,26.0,57290.0,5676.0
2020-04-21,161.0,1737.0,69.0,277.0,1.0,27.0,61492.0,4202.0
2020-04-22,153.0,1890.0,70.0,347.0,1.0,28.0,66257.0,4765.0
2020-04-23,76.0,1966.0,107.0,454.0,1.0,29.0,69764.0,3507.0
2020-04-24,70.0,2036.0,42.0,496.0,4.0,33.0,74484.0,4720.0
2020-04-25,51.0,2087.0,20.0,516.0,2.0,35.0,78993.0,4509.0
2020-04-26,104.0,2191.0,116.0,632.0,7.0,42.0,82942.0,3949.0
2020-04-27,77.0,2268.0,115.0,747.0,9.0,51.0,87777.0,4835.0
2020-04-28,102.0,2370.0,26.0,773.0,2.0,53.0,92506.0,4729.0
2020-04-29,76.0,2446.0,44.0,817.0,3.0,56.0,97790.0,5284.0
2020-04-30,144.0,2590.0,79.0,896.0,3.0,59.0,103704.0,5914.0
2020-05-01,82.0,2672.0,223.0,1119.0,4.0,63.0,108543.0,4839.0
2020-05-02,106.0,2778.0,126.0,1245.0,6.0,69.0,113934.0,5391.0
2020-05-03,114.0,2892.0,114.0,1359.0,3.0,72.0,120240.0,6306.0
2020-05-04,175.0,3067.0,82.0,1441.0,6.0,78.0,129258.0,9018.0
2020-05-05,97.0,3164.0,87.0,1528.0,12.0,90.0,134987.0,5729.0
2020-05-06,159.0,3323.0,214.0,1742.0,4.0,94.0,139580.0,4593.0
2020-05-07,110.0,3433.0,150.0,1892.0,6.0,100.0,145510.0,5930.0
2020-05-08,152.0,3585.0,122.0,2014.0,4.0,104.0,152245.0,6735.0
2020-05-09,129.0,3714.0,151.0,2165.0,3.0,107.0,159157.0,6912.0
2020-05-10,106.0,3820.0,79.0,2244.0,2.0,109.0,166424.0,7267.0
2020-05-11,174.0,3994.0,83.0,2327.0,5.0,114.0,176130.0,9706.0
2020-05-12,138.0,4132.0,130.0,2457.0,4.0,118.0,185610.0,9480.0
2020-05-13,202.0,4334.0,119.0,2576.0,4.0,122.0,194683.0,9073.0
2020-05-14,206.0,4540.0,65.0,2641.0,4.0,126.0,204243.0,9560.0
2020-05-15,213.0,4753.0,91.0,2732.0,,,212317.0,8074.0
2020-05-16,213.0,4966.0,215.0,2947.0,1.0,127.0,221439.0,9122.0
2020-05-17,242.0,5208.0,111.0,3058.0,5.0,132.0,231946.0,10507.0
2020-05-18,305.0,5513.0,163.0,3221.0,7.0,139.0,243476.0,11530.0
2020-05-19,338.0,5851.0,119.0,3340.0,5.0,144.0,254533.0,11057.0
2020-05-20,170.0,6021.0,67.0,3407.0,4.0,148.0,265555.0,11022.0
2020-05-21,212.0,6233.0,81.0,3488.0,4.0,152.0,275974.0,10419.0
2020-05-22,267.0,6500.0,195.0,3683.0,2.0,154.0,287164.0,11190.0
2020-05-23,248.0,6748.0,106.0,3789.0,7.0,161.0,303935.0,16771.0
2020-05-24,286.0,7034.0,62.0,3851.0,3.0,164.0,317067.0,13132.0
2020-05-25,272.0,7306.0,208.0,4059.0,4.0,168.0,327836.0,10769.0
2020-05-26,236.0,7542.0,220.0,4279.0,3.0,171.0,337159.0,9323.0
2020-05-27,280.0,7822.0,286.0,4565.0,3.0,174.0,350600.0,13441.0
2020-05-28,251.0,8073.0,253.0,4818.0,7.0,181.0,365556.0,14956.0
2020-05-29,298.0,8371.0,429.0,5247.0,4.0,185.0,379315.0,13759.0
2020-05-30,252.0,8623.0,495.0,5742.0,9.0,194.0,395490.0,16175.0
2020-05-31,214.0,8837.0,293.0,6035.0,1.0,195.0,409777.0,14287.0
2020-06-01,269.0,9106.0,181.0,6216.0,5.0,200.0,425184.0,15407.0
2020-06-02,273.0,9379.0,222.0,6438.0,4.0,204.0,440789.0,15605.0
2020-06-03,279.0,9658.0,309.0,6747.0,6.0,210.0,454788.0,13999.0
2020-06-04,210.0,9868.0,360.0,7107.0,4.0,214.0,467129.0,12341.0
2020-06-05,222.0,10090.0,255.0,7362.0,5.0,219.0,480910.0,13781.0
2020-06-06,253.0,10343.0,142.0,7504.0,13.0,232.0,494480.0,13570.0
2020-06-07,262.0,10605.0,253.0,7757.0,9.0,241.0,506784.0,12304.0
2020-06-08,277.0,10882.0,363.0,8120.0,6.0,247.0,518350.0,11566.0
2020-06-09,369.0,11251.0,211.0,8331.0,9.0,256.0,530031.0,11681.0
2020-06-10,355.0,11606.0,241.0,8572.0,4.0,260.0,543312.0,13281.0
2020-06-11,238.0,11844.0,206.0,8778.0,6.0,266.0,558064.0,14752.0
2020-06-12,230.0,12074.0,236.0,9014.0,7.0,273.0,571543.0,13479.0
2020-06-13,333.0,12407.0,326.0,9340.0,10.0,283.0,584954.0,13411.0
2020-06-14,293.0,12700.0,229.0,9569.0,10.0,293.0,598920.0,13966.0
2020-06-15,287.0,12987.0,219.0,9788.0,9.0,302.0,609296.0,10376.0
2020-06-16,235.0,13222.0,177.0,9965.0,7.0,309.0,622334.0,13038.0
2020-06-17,326.0,13548.0,505.0,10470.0,5.0,314.0,637937.0,15603.0
2020-06-18,315.0,13863.0,275.0,10745.0,17.0,331.0,654816.0,16879.0
2020-06-19,299.0,14162.0,255.0,11000.0,3.0,334.0,667643.0,12827.0
2020-06-20,381.0,14543.0,277.0,11277.0,4.0,338.0,683017.0,15374.0
2020-06-21,393.0,14936.0,323.0,11600.0,12.0,350.0,699126.0,16109.0
2020-06-22,302.0,15238.0,313.0,11913.0,7.0,357.0,709592.0,10466.0
2020-06-23,395.0,15633.0,303.0,12216.0,9.0,366.0,726077.0,16485.0
2020-06-24,382.0,16015.0,398.0,12614.0,10.0,376.0,740855.0,14778.0
2020-06-25,287.0,16302.0,229.0,12843.0,4.0,380.0,757137.0,16282.0
2020-06-26,364.0,16666.0,222.0,13065.0,1.0,381.0,770174.0,13037.0
2020-06-27,284.0,16950.0,305.0,13370.0,11.0,392.0,784803.0,14629.0
2020-06-28,327.0,17277.0,244.0,13614.0,8.0,400.0,800214.0,15411.0
2020-06-29,389.0,17666.0,310.0,13924.0,6.0,406.0,809777.0,9563.0
2020-06-30,348.0,18014.0,299.0,14223.0,8.0,414.0,824213.0,14436.0
2020-07-01,,,,,,,839370.0,15157.0
2020-07-02,,,,,,,854274.0,14904.0
2020-07-03,,,,,,,869602.0,15328.0
2020-07-04,,,,,,,889355.0,19753.0
2020-07-05,,,,,,,909132.0,19777.0
2020-07-06,,,,,,,920600.0,11468.0
2020-07-07,,,,,,,940758.0,20158.0
2020-07-08,,,,,,,963454.0,22696.0
2020-07-09,,,,,,,987272.0,23818.0
2020-07-10,,,,,,,1009195.0,21923.0
