dateannounced,numcases_h,total_cases_h,numcases_r,total_cases_r,numcases_d,total_cases_d,Total Tested,daily_test
2020-03-07,,,1.0,1.0,,,,
2020-03-18,1.0,1.0,,,,,,
2020-03-19,,,1.0,2.0,,,,
2020-03-21,3.0,4.0,,,,,,
2020-03-22,3.0,7.0,,,,,,
2020-03-23,2.0,9.0,,,1.0,1.0,,
2020-03-24,6.0,15.0,,,,,,
2020-03-25,8.0,23.0,,,,,,
2020-03-26,3.0,26.0,,,,,,
2020-03-27,9.0,35.0,,,,,,
2020-03-28,4.0,39.0,,,,,,
2020-03-29,4.0,43.0,8.0,10.0,1.0,2.0,,
2020-03-30,17.0,60.0,,,,,,
2020-03-31,57.0,117.0,2.0,12.0,,,,
2020-04-01,110.0,227.0,,,,,,
2020-04-02,75.0,302.0,,,,,,
2020-04-03,102.0,404.0,,,,,3684.0,3684.0
2020-04-04,74.0,478.0,2.0,14.0,2.0,4.0,,
2020-04-05,86.0,564.0,,,2.0,6.0,,
2020-04-06,50.0,614.0,5.0,19.0,1.0,7.0,,
2020-04-07,69.0,683.0,6.0,25.0,1.0,8.0,,
2020-04-08,48.0,731.0,2.0,27.0,1.0,9.0,5305.0,1621.0
2020-04-09,96.0,827.0,6.0,33.0,,,7267.0,1962.0
2020-04-10,77.0,904.0,17.0,50.0,1.0,10.0,8410.0,1143.0
2020-04-11,58.0,962.0,,,1.0,11.0,9842.0,1432.0
2020-04-12,106.0,1068.0,6.0,56.0,1.0,12.0,10655.0,813.0
2020-04-13,98.0,1166.0,8.0,64.0,,,12746.0,2091.0
2020-04-14,31.0,1197.0,23.0,87.0,1.0,13.0,19255.0,6509.0
2020-04-15,38.0,1235.0,37.0,124.0,2.0,15.0,21994.0,2739.0
2020-04-16,25.0,1260.0,62.0,186.0,1.0,16.0,26005.0,4011.0
2020-04-17,56.0,1316.0,103.0,289.0,,,29673.0,3668.0
2020-04-18,49.0,1365.0,82.0,371.0,,,35036.0,5363.0
2020-04-19,105.0,1470.0,46.0,417.0,,,40876.0,5840.0
2020-04-20,43.0,1513.0,46.0,463.0,2.0,18.0,46985.0,6109.0
2020-04-21,76.0,1589.0,178.0,641.0,1.0,19.0,53045.0,6060.0
2020-04-22,33.0,1622.0,27.0,668.0,,,59023.0,5978.0
2020-04-23,54.0,1676.0,90.0,758.0,2.0,21.0,65977.0,6954.0
2020-04-24,72.0,1748.0,114.0,872.0,2.0,23.0,72403.0,6426.0
2020-04-25,66.0,1814.0,94.0,966.0,1.0,24.0,80110.0,7707.0
2020-04-26,64.0,1878.0,60.0,1026.0,1.0,25.0,87605.0,7495.0
2020-04-27,52.0,1930.0,54.0,1080.0,0.0,25.0,94781.0,7176.0
2020-04-28,121.0,2051.0,54.0,1134.0,1.0,26.0,101874.0,7093.0
2020-04-29,104.0,2155.0,82.0,1216.0,2.0,28.0,109961.0,8087.0
2020-04-30,161.0,2316.0,48.0,1264.0,,,119748.0,9787.0
2020-05-01,203.0,2519.0,54.0,1318.0,1.0,29.0,129363.0,9615.0
2020-05-02,231.0,2750.0,29.0,1347.0,1.0,30.0,139490.0,10127.0
2020-05-03,266.0,3016.0,38.0,1385.0,1.0,31.0,150107.0,10617.0
2020-05-04,527.0,3543.0,30.0,1415.0,1.0,32.0,162970.0,12863.0
2020-05-05,508.0,4051.0,76.0,1491.0,2.0,34.0,174828.0,11858.0
2020-05-06,771.0,4822.0,31.0,1522.0,2.0,36.0,188241.0,13413.0
2020-05-07,580.0,5402.0,31.0,1553.0,2.0,38.0,202436.0,14195.0
2020-05-08,600.0,6002.0,58.0,1611.0,3.0,41.0,216416.0,13980.0
2020-05-09,526.0,6528.0,219.0,1830.0,4.0,45.0,229670.0,13254.0
2020-05-10,669.0,7197.0,135.0,1965.0,3.0,48.0,243037.0,13367.0
2020-05-11,798.0,7995.0,92.0,2057.0,6.0,54.0,254899.0,11862.0
2020-05-12,716.0,8711.0,83.0,2140.0,8.0,62.0,266687.0,11788.0
2020-05-13,509.0,9220.0,41.0,2181.0,3.0,65.0,279467.0,12780.0
2020-05-14,447.0,9667.0,65.0,2246.0,2.0,67.0,291432.0,11965.0
2020-05-15,434.0,10101.0,359.0,2605.0,5.0,72.0,303104.0,11672.0
2020-05-16,477.0,10578.0,939.0,3544.0,4.0,76.0,313639.0,10535.0
2020-05-17,639.0,11217.0,634.0,4178.0,4.0,80.0,326720.0,13081.0
2020-05-18,536.0,11753.0,234.0,4412.0,3.0,83.0,337841.0,11121.0
2020-05-19,688.0,12441.0,489.0,4901.0,3.0,86.0,348174.0,10333.0
2020-05-20,743.0,13184.0,987.0,5888.0,3.0,89.0,360068.0,11894.0
2020-05-21,776.0,13960.0,400.0,6288.0,7.0,96.0,372532.0,12464.0
2020-05-22,786.0,14746.0,846.0,7134.0,4.0,100.0,385185.0,12653.0
2020-05-23,759.0,15505.0,363.0,7497.0,5.0,105.0,397340.0,12155.0
2020-05-24,765.0,16270.0,833.0,8330.0,8.0,113.0,409615.0,12275.0
2020-05-25,805.0,17075.0,407.0,8737.0,7.0,120.0,421450.0,11835.0
2020-05-26,646.0,17721.0,611.0,9348.0,11.0,131.0,431739.0,10289.0
2020-05-27,817.0,18538.0,567.0,9915.0,6.0,137.0,442970.0,11231.0
2020-05-28,827.0,19365.0,639.0,10554.0,12.0,149.0,455216.0,12246.0
2020-05-29,874.0,20239.0,765.0,11319.0,9.0,158.0,466550.0,11334.0
2020-05-30,938.0,21177.0,687.0,12006.0,6.0,164.0,479155.0,12605.0
2020-05-31,1149.0,22326.0,757.0,12763.0,13.0,177.0,491962.0,12807.0
2020-06-01,1162.0,23488.0,413.0,13176.0,11.0,188.0,503339.0,11377.0
2020-06-02,1091.0,24579.0,536.0,13712.0,13.0,201.0,514433.0,11094.0
2020-06-03,1286.0,25865.0,610.0,14322.0,8.0,209.0,528534.0,14101.0
2020-06-04,1384.0,27249.0,585.0,14907.0,15.0,224.0,544981.0,16447.0
2020-06-05,1438.0,28687.0,861.0,15768.0,12.0,236.0,560673.0,15692.0
2020-06-06,1458.0,30145.0,633.0,16401.0,19.0,255.0,576695.0,16022.0
2020-06-07,1515.0,31660.0,604.0,17005.0,18.0,273.0,592970.0,16275.0
2020-06-08,1562.0,33222.0,528.0,17533.0,17.0,290.0,607952.0,14982.0
2020-06-09,1685.0,34907.0,798.0,18331.0,18.0,308.0,621171.0,13219.0
2020-06-10,1927.0,36834.0,1008.0,19339.0,19.0,327.0,638846.0,17675.0
2020-06-11,1875.0,38709.0,1372.0,20711.0,23.0,350.0,655675.0,16829.0
2020-06-12,1982.0,40691.0,1342.0,22053.0,18.0,368.0,673906.0,18231.0
2020-06-13,1989.0,42680.0,1362.0,23415.0,30.0,398.0,691817.0,17911.0
2020-06-14,1974.0,44654.0,1138.0,24553.0,38.0,436.0,710599.0,18782.0
2020-06-15,1843.0,46497.0,797.0,25350.0,44.0,480.0,729002.0,18403.0
2020-06-16,1515.0,48012.0,1438.0,26788.0,49.0,529.0,748244.0,19242.0
2020-06-17,2174.0,50186.0,842.0,27630.0,48.0,577.0,773707.0,25463.0
2020-06-18,2141.0,52327.0,1017.0,28647.0,49.0,626.0,800443.0,26736.0
2020-06-19,2115.0,54442.0,1630.0,30277.0,41.0,667.0,827980.0,27537.0
2020-06-20,2396.0,56838.0,1045.0,31322.0,38.0,705.0,861211.0,33231.0
2020-06-21,2532.0,59370.0,1438.0,32760.0,53.0,758.0,892612.0,31401.0
2020-06-22,2710.0,62080.0,1358.0,34118.0,37.0,795.0,919204.0,26592.0
2020-06-23,2516.0,64596.0,1227.0,35345.0,39.0,834.0,944352.0,25148.0
2020-06-24,2865.0,67461.0,2424.0,37769.0,33.0,867.0,976431.0,32079.0
2020-06-25,3509.0,70970.0,2236.0,40005.0,45.0,912.0,1008974.0,32543.0
2020-06-26,3645.0,74615.0,1358.0,41363.0,46.0,958.0,1042649.0,33675.0
2020-06-27,3713.0,78328.0,2737.0,44100.0,68.0,1026.0,1077454.0,34805.0
2020-06-28,3940.0,82268.0,1443.0,45543.0,54.0,1080.0,1110402.0,32948.0
2020-06-29,3949.0,86217.0,2212.0,47755.0,62.0,1142.0,1140441.0,30039.0
2020-06-30,3943.0,90160.0,2325.0,50080.0,60.0,1202.0,1170683.0,30242.0
2020-07-01,3882.0,94042.0,2852.0,52932.0,63.0,1265.0,1202204.0,31521.0
2020-07-02,4343.0,98385.0,3095.0,56027.0,57.0,1322.0,1235692.0,33488.0
2020-07-03,4329.0,102714.0,2357.0,58384.0,64.0,1386.0,1270720.0,35028.0
2020-07-04,4280.0,106994.0,2214.0,60598.0,65.0,1451.0,1306884.0,36164.0
2020-07-05,4150.0,111144.0,2186.0,62784.0,60.0,1511.0,1341715.0,34831.0
2020-07-06,3827.0,114971.0,3793.0,66577.0,61.0,1572.0,1376497.0,34782.0
2020-07-07,3616.0,118587.0,4545.0,71122.0,65.0,1637.0,1413435.0,36938.0
2020-07-08,3756.0,122343.0,3051.0,74173.0,64.0,1701.0,1449414.0,35979.0
2020-07-09,4231.0,126574.0,3994.0,78167.0,65.0,1766.0,1491783.0,42369.0
2020-07-10,3680.0,130254.0,4163.0,82330.0,64.0,1830.0,1529092.0,37309.0
