dateannounced,numcases_h,total_cases_h,numcases_r,total_cases_r,numcases_d,total_cases_d,Total Tested,daily_test
2020-03-04,3.0,3.0,4.0,4.0,,,,
2020-03-05,,,1.0,5.0,,,,
2020-03-09,1.0,4.0,1.0,6.0,,,,
2020-03-12,2.0,6.0,,,,,,
2020-03-13,1.0,7.0,,,,,,
2020-03-17,2.0,9.0,,,,,,
2020-03-18,2.0,11.0,,,,,,
2020-03-19,3.0,14.0,,,,,,
2020-03-20,4.0,18.0,,,,,,
2020-03-21,4.0,22.0,,,,,,
2020-03-22,2.0,24.0,,,,,,
2020-03-23,3.0,27.0,1.0,7.0,,,,
2020-03-24,1.0,28.0,,,,,,
2020-03-25,2.0,30.0,1.0,8.0,,,,
2020-03-26,4.0,34.0,,,,,,
2020-03-27,7.0,41.0,,,,,,
2020-03-28,16.0,57.0,,,,,,
2020-03-29,7.0,64.0,11.0,19.0,,,,
2020-03-30,24.0,88.0,6.0,25.0,,,,
2020-03-31,8.0,96.0,,,,,,
2020-04-01,13.0,109.0,,,2.0,2.0,,
2020-04-02,11.0,120.0,,,,,,
2020-04-03,46.0,166.0,,,,,,
2020-04-04,60.0,226.0,4.0,29.0,,,,
2020-04-05,43.0,269.0,,,2.0,4.0,10510.0,10510.0
2020-04-06,27.0,296.0,,,,,,
2020-04-07,27.0,323.0,,,,,,
2020-04-08,29.0,352.0,10.0,39.0,1.0,5.0,,
2020-04-09,49.0,401.0,,,,,8402.0,-2108.0
2020-04-10,23.0,424.0,1.0,40.0,,,9332.0,930.0
2020-04-11,19.0,443.0,13.0,53.0,1.0,6.0,10595.0,1263.0
2020-04-12,31.0,474.0,,,,,11855.0,1260.0
2020-04-13,75.0,549.0,4.0,57.0,,,13287.0,1432.0
2020-04-14,102.0,651.0,1.0,58.0,3.0,9.0,15914.0,2627.0
2020-04-15,75.0,726.0,7.0,65.0,3.0,12.0,19506.0,3592.0
2020-04-16,72.0,798.0,11.0,76.0,2.0,14.0,21384.0,1878.0
2020-04-17,44.0,842.0,14.0,90.0,1.0,15.0,24643.0,3259.0
2020-04-18,128.0,970.0,26.0,116.0,,,28484.0,3841.0
2020-04-19,133.0,1103.0,19.0,135.0,3.0,18.0,31767.0,3283.0
2020-04-20,84.0,1187.0,13.0,148.0,1.0,19.0,34326.0,2559.0
2020-04-21,159.0,1346.0,22.0,170.0,3.0,22.0,37933.0,3607.0
2020-04-22,114.0,1460.0,11.0,181.0,,,42192.0,4259.0
2020-04-23,61.0,1521.0,33.0,214.0,3.0,25.0,45483.0,3291.0
2020-04-24,111.0,1632.0,20.0,234.0,1.0,26.0,53166.0,7683.0
2020-04-25,180.0,1812.0,35.0,269.0,2.0,28.0,56851.0,3685.0
2020-04-26,82.0,1894.0,66.0,335.0,3.0,31.0,61799.0,4948.0
2020-04-27,113.0,2007.0,72.0,407.0,1.0,32.0,67145.0,5346.0
2020-04-28,67.0,2074.0,63.0,470.0,3.0,35.0,70307.0,3162.0
2020-04-29,81.0,2155.0,48.0,518.0,5.0,40.0,73716.0,3409.0
2020-04-30,77.0,2232.0,41.0,559.0,1.0,41.0,78013.0,4297.0
2020-05-01,117.0,2349.0,103.0,662.0,2.0,43.0,82459.0,4446.0
2020-05-02,159.0,2508.0,44.0,706.0,1.0,44.0,85729.0,3270.0
2020-05-03,158.0,2666.0,56.0,762.0,,,95841.0,10112.0
2020-05-04,121.0,2787.0,48.0,810.0,7.0,51.0,98300.0,2459.0
2020-05-05,114.0,2901.0,185.0,995.0,6.0,57.0,105234.0,6934.0
2020-05-06,118.0,3019.0,143.0,1138.0,4.0,61.0,109888.0,4654.0
2020-05-07,73.0,3092.0,120.0,1258.0,2.0,63.0,113670.0,3782.0
2020-05-08,143.0,3235.0,137.0,1395.0,4.0,67.0,119688.0,6018.0
2020-05-09,159.0,3394.0,112.0,1507.0,8.0,75.0,124791.0,5103.0
2020-05-10,94.0,3488.0,154.0,1661.0,5.0,80.0,129955.0,5164.0
2020-05-11,106.0,3594.0,105.0,1766.0,1.0,81.0,135760.0,5805.0
2020-05-12,91.0,3685.0,115.0,1881.0,2.0,83.0,140166.0,4406.0
2020-05-13,94.0,3779.0,92.0,1973.0,4.0,87.0,145637.0,5471.0
2020-05-14,144.0,3923.0,107.0,2080.0,2.0,89.0,153139.0,7502.0
2020-05-15,155.0,4078.0,93.0,2173.0,7.0,96.0,159282.0,6143.0
2020-05-16,201.0,4279.0,276.0,2449.0,9.0,105.0,163105.0,3823.0
2020-05-17,206.0,4485.0,195.0,2644.0,8.0,113.0,172219.0,9114.0
2020-05-18,141.0,4626.0,147.0,2791.0,6.0,119.0,176479.0,4260.0
2020-05-19,321.0,4947.0,135.0,2926.0,5.0,124.0,182184.0,5705.0
2020-05-20,249.0,5196.0,148.0,3074.0,4.0,128.0,191164.0,8980.0
2020-05-21,340.0,5536.0,138.0,3212.0,11.0,139.0,206811.0,15647.0
2020-05-22,220.0,5756.0,120.0,3332.0,14.0,153.0,214060.0,7249.0
2020-05-23,282.0,6038.0,82.0,3414.0,3.0,156.0,217867.0,3807.0
2020-05-24,251.0,6289.0,132.0,3546.0,6.0,162.0,229621.0,11754.0
2020-05-25,229.0,6518.0,122.0,3668.0,8.0,170.0,235622.0,6001.0
2020-05-26,227.0,6745.0,164.0,3832.0,8.0,178.0,240588.0,4966.0
2020-05-27,267.0,7012.0,167.0,3999.0,5.0,183.0,240588.0,0.0
2020-05-28,179.0,7191.0,224.0,4223.0,15.0,198.0,256267.0,15679.0
2020-05-29,275.0,7466.0,195.0,4418.0,4.0,202.0,270920.0,14653.0
2020-05-30,256.0,7722.0,241.0,4659.0,12.0,214.0,279288.0,8368.0
2020-05-31,374.0,8096.0,192.0,4851.0,4.0,218.0,289892.0,10604.0
2020-06-01,286.0,8382.0,187.0,5038.0,5.0,223.0,297903.0,8011.0
2020-06-02,368.0,8750.0,146.0,5184.0,7.0,230.0,307621.0,9718.0
2020-06-03,141.0,8891.0,81.0,5265.0,1.0,231.0,317780.0,10159.0
2020-06-04,367.0,9258.0,182.0,5447.0,15.0,246.0,330663.0,12883.0
2020-06-05,496.0,9754.0,209.0,5656.0,12.0,258.0,344717.0,14054.0
2020-06-06,370.0,10124.0,260.0,5916.0,11.0,269.0,355085.0,10368.0
2020-06-07,433.0,10557.0,277.0,6193.0,7.0,276.0,360258.0,5173.0
2020-06-08,411.0,10968.0,159.0,6352.0,8.0,284.0,380723.0,20465.0
2020-06-09,388.0,11356.0,325.0,6677.0,18.0,302.0,391286.0,10563.0
2020-06-10,275.0,11631.0,302.0,6979.0,20.0,322.0,404637.0,13351.0
2020-06-11,478.0,12109.0,321.0,7300.0,24.0,346.0,420669.0,16032.0
2020-06-12,528.0,12637.0,317.0,7617.0,20.0,366.0,435601.0,14932.0
2020-06-13,502.0,13139.0,266.0,7883.0,20.0,386.0,449616.0,14015.0
2020-06-14,497.0,13636.0,393.0,8276.0,14.0,400.0,467702.0,18086.0
2020-06-15,476.0,14112.0,342.0,8618.0,18.0,418.0,466081.0,-1621.0
2020-06-16,507.0,14619.0,294.0,8912.0,18.0,436.0,480047.0,13966.0
2020-06-17,583.0,15202.0,335.0,9247.0,30.0,466.0,496206.0,16159.0
2020-06-18,604.0,15806.0,399.0,9646.0,23.0,489.0,515280.0,19074.0
2020-06-19,809.0,16615.0,357.0,10003.0,19.0,508.0,532505.0,17225.0
2020-06-20,541.0,17156.0,374.0,10377.0,22.0,530.0,542972.0,10467.0
2020-06-21,596.0,17752.0,626.0,11003.0,21.0,551.0,560697.0,17725.0
2020-06-22,591.0,18343.0,606.0,11609.0,19.0,570.0,574304.0,13607.0
2020-06-23,571.0,18914.0,515.0,12124.0,19.0,589.0,588186.0,13882.0
2020-06-24,664.0,19578.0,470.0,12594.0,8.0,597.0,603390.0,15204.0
2020-06-25,636.0,20214.0,533.0,13127.0,15.0,612.0,620954.0,17564.0
2020-06-26,750.0,20964.0,464.0,13591.0,19.0,631.0,642833.0,21879.0
2020-06-27,606.0,21570.0,632.0,14223.0,19.0,650.0,663096.0,20263.0
2020-06-28,598.0,22168.0,593.0,14816.0,11.0,661.0,684296.0,21200.0
2020-06-29,681.0,22849.0,698.0,15514.0,12.0,673.0,707839.0,23543.0
2020-06-30,664.0,23513.0,578.0,16092.0,25.0,698.0,727793.0,19954.0
2020-07-01,564.0,24077.0,545.0,16637.0,21.0,719.0,758915.0,31122.0
2020-07-02,769.0,24846.0,592.0,17229.0,17.0,736.0,781584.0,22669.0
2020-07-03,972.0,25818.0,376.0,17605.0,14.0,750.0,810991.0,29407.0
2020-07-04,757.0,26575.0,557.0,18162.0,24.0,774.0,834951.0,23960.0
2020-07-05,1153.0,27728.0,607.0,18769.0,12.0,786.0,864068.0,29117.0
2020-07-06,929.0,28657.0,348.0,19117.0,24.0,810.0,889986.0,25918.0
2020-07-07,1332.0,29989.0,518.0,19635.0,18.0,828.0,922049.0,32063.0
2020-07-08,1188.0,31177.0,704.0,20339.0,18.0,846.0,956134.0,34085.0
2020-07-09,1206.0,32383.0,796.0,21135.0,17.0,863.0,988960.0,32826.0
2020-07-10,1338.0,33721.0,660.0,21795.0,27.0,890.0,1026966.0,38006.0
