dateannounced,numcases_h,total_cases_h,numcases_r,total_cases_r,numcases_d,total_cases_d
2020-05-28,1,1,0,0,0,0
2020-05-29,1,2,0,0,0,0
2020-06-04,3,5,0,0,0,0
2020-06-06,2,7,0,0,0,0
2020-06-08,1,8,0,0,0,0
2020-06-14,2,10,0,0,0,0
2020-06-17,1,11,0,0,0,0
2020-06-21,2,13,0,0,0,0
2020-06-24,2,15,0,0,0,0
2020-06-25,-2,13,0,0,0,0
2020-06-30,17,30,0,0,0,0
2020-07-05,2,32,0,0,0,0
2020-07-07,8,40,0,0,0,0
2020-07-08,1,41,0,0,0,0
