dateannounced,numcases_h,total_cases_h,numcases_r,total_cases_r,numcases_d,total_cases_d
2020-05-23,4,4,0,0,0,0
2020-05-24,2,6,0,0,0,0
2020-05-30,26,32,0,0,0,0
2020-06-05,1,33,0,0,0,0
2020-06-08,2,35,0,0,0,0
2020-06-09,3,38,0,0,0,0
2020-06-11,1,39,0,0,0,0
2020-06-14,2,41,0,0,0,0
2020-06-18,11,52,0,0,0,0
