dateannounced,numcases_h,total_cases_h,numcases_r,total_cases_r,numcases_d,total_cases_d
2020-04-05,1,1,0,0,0,0
2020-04-06,3,4,0,0,0,0
2020-04-08,11,15,0,0,0,0
2020-04-12,2,17,0,0,0,0
2020-05-06,0,17,1,1,0,0
2020-05-11,0,17,1,2,0,0
2020-05-31,1,18,0,2,0,0
2020-06-06,5,23,0,2,0,0
2020-06-30,4,27,0,2,0,0
2020-07-02,4,31,0,2,0,0
2020-07-03,2,33,0,2,0,0
2020-07-04,1,34,0,2,0,0
2020-07-05,2,36,0,2,0,0
2020-07-10,1,37,0,2,0,0
