dateannounced,numcases_h,total_cases_h,numcases_r,total_cases_r,numcases_d,total_cases_d
2020-05-30,1,1,0,0,0,0
2020-06-12,1,2,0,0,0,0
2020-06-15,1,3,0,0,0,0
2020-06-17,2,5,0,0,0,0
2020-06-27,1,6,0,0,0,0
2020-07-03,5,11,0,0,0,0
2020-07-05,4,15,0,0,0,0
2020-07-07,1,16,0,0,0,0
2020-07-08,9,25,0,0,0,0
2020-07-09,2,27,0,0,0,0
2020-07-10,1,28,0,0,0,0
