dateannounced,numcases_h,total_cases_h,numcases_r,total_cases_r,numcases_d,total_cases_d
2020-03-27,1,1,0,0,0,0
2020-04-03,2,3,0,0,0,0
2020-04-04,3,6,0,0,0,0
2020-04-05,3,9,0,0,0,0
2020-04-06,5,14,0,0,0,0
2020-04-07,3,17,0,0,0,0
2020-04-11,0,17,1,1,0,0
2020-04-14,5,22,0,1,0,0
2020-04-18,1,23,0,1,0,0
2020-04-19,1,24,0,1,0,0
2020-04-24,1,25,0,1,0,0
2020-04-28,0,25,3,4,0,0
2020-04-30,0,25,3,7,0,0
2020-05-02,0,25,1,8,0,0
2020-05-05,2,27,2,10,0,0
2020-05-09,2,29,0,10,0,0
2020-05-12,1,30,0,10,0,0
2020-05-14,1,31,0,10,0,0
2020-05-18,4,35,0,10,0,0
2020-05-20,0,35,1,11,0,0
2020-05-23,2,37,1,12,0,0
2020-05-24,1,38,0,12,0,0
2020-05-25,2,40,0,12,0,0
2020-05-26,0,40,1,13,0,0
2020-05-27,1,41,0,13,0,0
2020-05-29,1,42,1,14,0,0
2020-05-30,0,42,5,19,0,0
2020-05-31,2,44,0,19,0,0
2020-06-02,1,45,0,19,0,0
2020-06-04,3,48,2,21,0,0
2020-06-05,0,48,1,22,0,0
2020-06-07,1,49,2,24,0,0
2020-06-11,3,52,1,25,0,0
2020-06-12,2,54,2,27,0,0
2020-06-14,2,56,3,30,0,0
2020-06-15,1,57,0,30,0,0
2020-06-16,1,58,0,30,1,1
2020-06-18,6,64,0,30,0,1
2020-06-19,5,69,0,30,0,1
2020-06-20,13,82,2,32,0,1
2020-06-22,16,98,6,38,0,1
2020-06-23,3,101,0,38,0,1
2020-06-24,9,110,1,39,0,1
2020-06-25,7,117,5,44,0,1
2020-06-26,1,118,3,47,0,1
2020-06-27,6,124,13,60,0,1
2020-06-28,5,129,11,71,0,1
2020-06-29,16,145,10,81,0,1
2020-06-30,4,149,2,83,1,2
2020-07-01,1,150,3,86,0,2
2020-07-02,5,155,7,93,0,2
2020-07-03,3,158,7,100,0,2
2020-07-04,9,167,4,104,0,2
2020-07-05,4,171,6,110,0,2
2020-07-07,1,172,2,112,0,2
2020-07-08,2,174,12,124,1,3
2020-07-09,8,182,1,125,0,3
2020-07-10,3,185,5,130,0,3
